0	39.9371125869444	116.090231178056
1	39.9370500219444	116.081963545278
2	39.9349206630556	116.129995530833
3	39.9984829938889	116.096820494167
4	39.9867306352778	116.071424329722
5	39.9860643941667	116.073188376667
6	39.9857309741667	116.098862015
7	39.9996280477778	116.075083066389
8	39.9826470813889	116.082517791389
9	39.9721973594445	116.126084714167
10	39.9739158491667	116.126474958611
11	39.9655203897222	116.126680678333
12	39.9649787011111	116.125769286111
13	39.9641608797222	116.117242886667
14	39.9632504625	116.109541320556
15	39.9518516511111	116.127801208611
16	39.9527915252778	116.125931975556
17	39.9552050425	116.126456045278
18	39.9420253375	116.114598475833
19	39.9373663872222	116.1257429825
20	39.9377127058333	116.127576369722
21	39.9366749716667	116.127963782778
22	39.9346836622222	116.130679156389
23	39.9426565166667	116.124151568333
24	39.9543149763889	116.105921513611
25	39.9433236580556	116.121263316944
26	39.9234869572222	116.117794723611
27	39.996561585	116.093884347778
28	40.0008865644444	116.096300570278
29	39.9310256827778	116.110261009722
30	39.9385008236111	116.102022260556
31	39.9428179125	116.102710798611
32	39.9498442272222	116.092047872778
33	39.95891586	116.106621491667
34	39.9587779744444	116.106851108333
35	39.9537763283333	116.112140510833
36	39.9503467205556	116.112843331944
37	39.9215584425	116.114709961111
38	39.9210987586111	116.113963857222
39	39.9316476397222	116.113516352222
40	39.9275238133333	116.109673715556
41	39.9584759552778	116.099092984167
42	39.9584607747222	116.099024858056
43	39.9397523133333	116.101460438611
44	39.9322806877778	116.106439914722
45	39.9306906427778	116.107469304167
46	39.9703449872222	116.125488148611
47	39.9464587097222	116.093228569444
48	39.9596328252778	116.117698698889
49	39.9581175458333	116.123756808611
50	39.9377923341667	116.13129692
51	39.9378503097222	116.131296928056
52	39.9753604313889	116.131302040833
53	39.9180621130556	116.113394305833
54	39.9180620747222	116.113498511667
55	39.9567940519444	116.126336524167
56	39.9566521247222	116.126356730556
57	39.9580655433333	116.123735411111
58	39.95528776	116.127372586389
59	39.9552379511111	116.127323441944
60	39.942057895	116.100229494167
61	39.9386268238889	116.1021532025
62	39.9393307016667	116.101800558056
63	39.9258301911111	116.115427736389
64	39.9274270352778	116.1149142375
65	39.918049845	116.130719588889
66	39.9322625980556	116.10637402
67	39.9595650108333	116.11774089
68	40.0005647863889	116.099021475278
69	39.9708346788889	116.099567660278
70	39.9695252608333	116.099713645833
71	39.9488879641667	116.095789066944
72	39.9467835488889	116.093088412222
73	39.9560830991667	116.0991540925
74	39.9537262372222	116.098861940556
75	39.9526908638889	116.098724585
76	39.9516479405556	116.098477287778
77	39.9516349302778	116.0985817575
78	39.9264246383333	116.118821298611
79	39.9289617672222	116.116574393333
80	39.9291273419444	116.117054640556
81	39.9294841772222	116.116946215278
82	39.9271048736111	116.116193057778
83	39.9283299819445	116.114553718056
84	39.9487739161111	116.111032302222
85	39.9516019036111	116.115091253333
86	39.9218680619444	116.114217805833
87	39.9210918733333	116.11448609
88	39.9456014622222	116.124245703611
89	39.9316278075	116.11341432
90	39.9289577386111	116.114176538611
91	39.9274574319444	116.114792338611
92	39.9258879552778	116.115322508056
93	39.9216565627778	116.114652647222
94	39.9580054677778	116.124051260833
95	39.9579559619445	116.124022825833
96	39.9260969686111	116.111109356111
97	39.9260566277778	116.111060818056
98	39.9329908591667	116.1051010075
99	39.9331239716667	116.106121220833
100	39.9520131311111	116.097915834722
101	39.9449647461111	116.09983969
102	39.9449712425	116.099751743056
103	39.9490245611111	116.117835518611
104	39.9495403869444	116.118503442222
105	39.9471029658333	116.101570866944
106	39.9512267752778	116.101333281667
107	39.9468645413889	116.099955079722
108	39.9254201183333	116.131295235833
109	39.9372025836111	116.104464804722
110	39.9330365852778	116.121439125
111	39.9315892586111	116.122697967222
112	39.9571641438889	116.099231816667
113	39.9571567680556	116.099301980278
114	39.95710247	116.099298628889
115	39.9571085908333	116.099228393333
116	39.9587721369444	116.106056321389
117	39.9585177869444	116.1065321975
118	39.9536412533333	116.128389951111
119	40.0003176827778	116.094399161111
120	39.9613209086111	116.107844786111
121	39.95911758	116.1062373425
122	39.9519326841667	116.097813868333
123	39.9519670486111	116.098019662222
124	39.9482236216667	116.1230146
125	39.9318365463889	116.114571493611
126	39.9286307675	116.115606348611
127	39.9306776208333	116.107398865
128	39.9449932033333	116.107391121944
129	39.9450084813889	116.107494399444
130	39.9487654119444	116.105943697778
131	39.9487746997222	116.10604589
132	39.9597123441667	116.103959051944
133	39.9501652408333	116.120167626111
134	39.9405875580556	116.10185372
135	39.9403317427778	116.101201601389
136	39.9524648875	116.098695711389
137	39.9400976980556	116.100582595833
138	39.9403084358333	116.101142761667
139	39.945803985	116.124491423889
140	39.9224499533333	116.127643783889
141	39.9217578555556	116.125939275
142	39.9305389047222	116.117284212222
143	39.9238888308333	116.121155952778
144	39.9390391416667	116.105098608056
145	39.9388292175	116.102809584722
146	39.9385270069444	116.102364071944
147	39.9472558938889	116.108393375833
148	39.9533675941667	116.123087270278
149	39.94996572	116.130084352222
150	39.9493003227778	116.118151685278
151	39.9533470008333	116.111144129444
152	39.9546723463889	116.110986708611
153	39.9569450572222	116.128909263611
154	39.9673629213889	116.125190998056
155	39.9671195863889	116.125240092222
156	39.9671689794444	116.125013563056
157	39.9633948863889	116.1228197925
158	39.9632542361111	116.125286631667
159	39.9620727697222	116.109770485833
160	39.9626052977778	116.110377597222
161	39.9609769472222	116.107060421667
162	39.9609407661111	116.107105082222
163	39.9339165755556	116.0901152275
164	39.9330852380556	116.090743428056
165	39.9330385972222	116.090778670833
166	39.9352881861111	116.105645255833
167	39.9352080766667	116.105666880278
168	39.9352973444445	116.105714481389
169	39.9352172022222	116.105735906944
170	39.9356074619445	116.108556180833
171	39.9304154727778	116.087714957222
172	39.9304558697222	116.087668464722
173	39.9227968772222	116.108140013333
174	39.9250083791667	116.109865539444
175	39.9601416338889	116.098978959444
176	39.9993003611111	116.131305308333
177	39.9992043633333	116.131305295
178	40.0003823272222	116.131305456389
179	40.0013887602778	116.129018098056
180	39.9344103958333	116.131296459444
181	39.9334269363889	116.131296325556
182	39.9588659572222	116.131299791111
183	39.9488975444444	116.131298433056
184	40.0013752005556	116.070820918056
185	40.0013936127778	116.086709986944
186	40.0013992322222	116.096114798056
187	40.0014000688889	116.0986570075
188	40.0014004927778	116.100489074722
189	39.9434593225	116.085758173056
190	39.9560927916667	116.099084706111
191	39.9607699802778	116.103602658056
192	39.9616365472222	116.107460168333
193	39.96036482	116.107992585278
194	39.9539086361111	116.11859043
195	39.9603254469444	116.108940095278
196	39.9569278297222	116.106018057222
197	39.9566258133333	116.107203885
198	39.9579506891667	116.106007395278
199	39.9555734486111	116.112365375833
200	39.9538027925	116.100895132778
201	39.9561013552778	116.113481606667
202	39.9407271069444	116.126297179444
203	39.9362036258333	116.115835720278
204	39.9275348563889	116.123536530278
205	39.922701855	116.124130534722
206	39.9229215775	116.126323597222
207	39.9225596033333	116.118010619722
208	39.9246549027778	116.115950021944
209	39.9218414052778	116.113313824167
210	39.9283848469444	116.119622808611
211	39.9274536769444	116.116243431111
212	39.9277764533333	116.1161634875
213	39.9278330636111	116.113392658333
214	39.9326581513889	116.108450443333
215	39.9330735580556	116.108683256389
216	39.9335936936111	116.108845021944
217	39.9349015691667	116.109473793333
218	39.9285453311111	116.111416904722
219	39.9274282627778	116.112008933889
220	39.9333320002778	116.111444424444
221	39.9297340241667	116.116438173611
222	39.9322723086111	116.117317396389
223	39.9321554097222	116.114786273333
224	39.9438024	116.101401050278
225	39.9415620269444	116.102762268889
226	39.9410190733333	116.0987603325
227	39.9406792852778	116.1084162725
228	39.9395206472222	116.105175077778
229	39.9377613469444	116.107251078056
230	39.9342449630556	116.105467558889
231	39.9314163872222	116.107490397222
232	39.9393264983333	116.108058185556
233	39.9416731180556	116.109098675556
234	39.9500212225	116.120408604167
235	39.9557137063889	116.114721934444
236	39.9561150197222	116.115951611111
237	39.9588878472222	116.110955015
238	39.9599693244445	116.108380754444
239	39.9603557052778	116.108441171389
240	39.9595459941667	116.108828074722
241	39.9583257697222	116.109386650278
242	39.9570008086111	116.111009702778
243	39.9571926916667	116.111476879722
244	39.9572189702778	116.111281546667
245	39.9567513858333	116.113580543333
246	39.9563475622222	116.112808379167
247	39.958258275	116.109983511667
248	39.9555725325	116.114866258333
249	39.9525395513889	116.118166056944
250	39.9520923325	116.115151366944
251	39.9523317425	116.1169521325
252	39.9502356841667	116.117589853611
253	39.950452915	116.11794723
254	39.9551157788889	116.111175151389
255	39.9522471897222	116.115990241667
256	39.9411859408333	116.108881784444
257	39.9614032802778	116.108022758056
258	39.9600141933333	116.104871463056
259	39.9599709022222	116.104920735556
260	39.9419448886111	116.1002170925
261	39.9419675188889	116.100278148611
262	39.9370696875	116.103128811389
263	39.9377970002778	116.1027838475
264	39.9377137422222	116.102308879167
265	39.9373905469444	116.103030973056
266	39.9372773625	116.102423043611
267	39.9377888083333	116.103320204444
268	39.9226401316667	116.127456478611
269	39.9208045002778	116.131063025556
270	39.9285343244444	116.126151785833
271	39.9258658311111	116.125635089167
272	39.9254944736111	116.125674748611
273	39.9267941172222	116.128788431111
274	39.9266387588889	116.129079778611
275	39.9230437072222	116.127051936944
276	39.9345822380556	116.105796944167
277	39.9217788397222	116.113924293889
278	39.9257937955556	116.123979045833
279	39.9280276175	116.118806484167
280	39.9286732088889	116.118200375
281	39.9292642966667	116.118670322222
282	39.9287770463889	116.118298437222
283	39.9291080277778	116.119485310556
284	39.9289431522222	116.117828278056
285	39.9274107858333	116.118034946667
286	39.9272118719445	116.117038650556
287	39.927362325	116.116617326111
288	39.9281097605556	116.116734392222
289	39.9280784791667	116.117204403333
290	39.9269317208333	116.117901115278
291	39.9278138977778	116.118080595278
292	39.9276486536111	116.11709673
293	39.9277252044445	116.116663330833
294	39.9287843358333	116.117572401111
295	39.932088	116.116506854722
296	39.9335857619445	116.115831515833
297	39.9325562188889	116.117655930278
298	39.9354024461111	116.116876261389
299	39.9323849022222	116.115851828889
300	39.9322401327778	116.115219211111
301	39.9330084669445	116.115599904444
302	39.9313921166667	116.112160931944
303	39.9348719644444	116.108795604167
304	39.9308869477778	116.108994299722
305	39.9308258852778	116.108422029722
306	39.932606695	116.107968848611
307	39.9332073075	116.107802365278
308	39.9330730652778	116.107030248611
309	39.9327547347222	116.107111565556
310	39.9328902069445	116.107884226111
311	39.9324666286111	116.107181553611
312	39.9309509247222	116.109686661944
313	39.9302659536111	116.109298373056
314	39.9291411094444	116.11044974
315	39.9307199175	116.109755049444
316	39.9311922497222	116.111172106389
317	39.9310240319444	116.111269960278
318	39.9308698536111	116.110460110278
319	39.9295462438889	116.111150426944
320	39.9300368436111	116.112483166667
321	39.9297846755556	116.111855738611
322	39.9311107325	116.111959220556
323	39.9309072177778	116.111339125278
324	39.9320513422222	116.115736556389
325	39.9317475088889	116.115813920833
326	39.9315462930556	116.115696986944
327	39.9304504608333	116.116218398333
328	39.9230809744444	116.126744901944
329	39.9229362016667	116.125476915833
330	39.9374195691667	116.106806591111
331	39.9371353711111	116.106120346389
332	39.9366095113889	116.105162290556
333	39.9408245519444	116.1009170725
334	39.9426155019444	116.102049916389
335	39.9425071883333	116.1016962825
336	39.9480836433333	116.099799464167
337	39.9487557313889	116.104913146389
338	39.9522777683333	116.100358856944
339	39.9531866505556	116.097775655556
340	39.9527915441667	116.098636806944
341	39.9415221733333	116.100456559722
342	39.9415277241667	116.100516083056
343	39.9362143344445	116.090534780278
344	39.9349295866667	116.1029117725
345	39.9548666091667	116.101870862778
346	39.9548441588889	116.101807194722
347	39.9428195469444	116.104964826667
348	39.9439558402778	116.107644793611
349	39.9411360469445	116.108794939444
350	39.9394296552778	116.109929149167
351	39.9394703447222	116.110020284444
352	39.9390455958333	116.10911457
353	39.9382007944444	116.110737805556
354	39.937832915	116.109732295278
355	39.92875634	116.113082784444
356	39.9292843172222	116.112004943889
357	39.9288882544444	116.112147098611
358	39.9279472991667	116.114598542778
359	39.9251263972222	116.115390545278
360	39.9245882141667	116.1192539
361	39.9255827644444	116.120253728889
362	39.9261250825	116.117929315
363	39.9212819863889	116.114677688611
364	39.9211070430556	116.114516728889
365	39.9271373069444	116.112199786389
366	39.9266741544444	116.111402705278
367	39.9287657733333	116.109617729167
368	39.9277796105556	116.111027778333
369	39.9277009313889	116.111183059722
370	39.9274673341667	116.110526726667
371	39.9273769341667	116.110626246389
372	39.92721304	116.110043819722
373	39.9287379080556	116.109520440556
374	39.9285471211111	116.109023931667
375	39.9285224683333	116.108961375
376	39.9357743425	116.10915442
377	39.9362887455556	116.108203280833
378	39.9577594611111	116.107629476944
379	39.9572640475	116.106651409167
380	39.9502042958333	116.112586251944
381	39.9521913958333	116.111249582778
382	39.9310873983333	116.121768031389
383	39.9521130516667	116.103851237222
384	39.9521453747222	116.103948155833
385	39.9210196997222	116.131294636944
386	39.9206233813889	116.131294582778
387	39.9349554936111	116.12879709
388	39.9365910391667	116.126293930556
389	39.9373284277778	116.1296174675
390	39.9227426088889	116.119818472222
391	39.9505135977778	116.122710195
392	39.9551390708333	116.1240384975
393	39.9545230741667	116.12810009
394	39.9575825930556	116.114725976389
395	39.9546861094444	116.095020423889
396	39.9388005227778	116.075284131667
397	39.9360149488889	116.071789054722
398	39.9360708138889	116.073269187778
399	39.9266434772222	116.077528049444
400	39.9272136308333	116.079702514722
401	39.9284517025	116.080780388056
402	39.9407991180556	116.105007793611
403	39.9397304083333	116.109051285556
404	39.9351535063889	116.075766018611
405	39.9474085913889	116.1045174775
406	39.9390405802778	116.097624854167
407	39.9327811736111	116.114515526944
408	39.9355030997222	116.082699584722
409	39.9492355291667	116.120762641111
410	39.9303325283333	116.106226834167
411	39.9300265027778	116.111541629722
412	39.9553694947222	116.127449268056
413	39.9642832408333	116.125641899444
414	39.9669026225	116.123366049722
415	39.961083925	116.118149541944
416	39.9597389330556	116.117653786944
417	39.9694926536111	116.125327602778
418	39.9639317936111	116.102950480833
419	39.9623593130556	116.104694030556
420	39.9631058672222	116.103939238333
421	39.9628808883333	116.104208554444
422	39.9631203930556	116.104418459167
423	39.9630972580556	116.104398183889
424	39.9633677797222	116.104134090556
425	39.9633430261111	116.104115675278
426	39.9779977825	116.090857106389
427	40.0006637747222	116.078485225
428	40.0007240708333	116.081226796111
429	39.9925855983333	116.084538623889
430	39.9942398408333	116.071008154722
431	39.9965135138889	116.070947350556
432	40.0000564102778	116.129061405556
433	39.9328691719444	116.114977296667
434	39.93610423	116.115109788333
435	39.9344619319444	116.127046006944
436	39.9368476388889	116.127886907778
437	39.9345749452778	116.129108593611
438	39.9344052338889	116.128311084444
439	39.9327922525	116.127654404722
440	39.9347918994444	116.130214940556
441	39.9347562488889	116.1296048825
442	39.9345163191667	116.130314705
443	39.9344964144444	116.131146521389
444	39.9494105866667	116.121011638611
445	39.949431535	116.121631498611
446	39.9556203661111	116.116538388611
447	39.957991915	116.115029503611
448	39.9599758041667	116.116093046111
449	39.9600262194445	116.116119107222
450	39.95797098	116.113589644167
451	39.9521194675	116.1152506175
452	39.9551344491667	116.12325653
453	39.953247435	116.123641098611
454	39.9511093858333	116.124732530833
455	39.9519381780556	116.127616973889
456	39.9381569886111	116.107977721389
457	39.9394575247222	116.106531724722
458	39.935909965	116.110148331111
459	39.9402184908333	116.104297260833
460	39.9414575427778	116.105623149444
461	39.9399606294444	116.109572846389
462	39.9291561969444	116.110116608056
463	39.9290135563889	116.110470529722
464	39.9301187847222	116.110703049167
465	39.9434005761111	116.1078877075
466	39.9439726069444	116.107747003611
467	39.9475793091667	116.105415983333
468	39.9532825775	116.097432879167
469	39.9533692130556	116.095140643889
470	39.95328218	116.097149573889
471	39.95100958	116.097630716389
472	39.9436323063889	116.085714916389
473	39.9405551872222	116.080641159722
474	39.9370931197222	116.07379352
475	39.9365493452778	116.074341238611
476	39.9359753397222	116.077331278333
477	39.9381657361111	116.085702785833
478	39.9396459927778	116.084648139444
479	39.9322538813889	116.087587737222
480	39.9315402011111	116.088032871389
481	39.9310900194444	116.088445894722
482	39.9428427236111	116.093036965833
483	39.9361735608333	116.082454395278
484	39.9371634780556	116.0872386775
485	39.9384545897222	116.087079978611
486	39.9389239447222	116.098919806389
487	39.9285883386111	116.082377901944
488	39.9265946980556	116.081876131111
489	39.9277133722222	116.081290470278
490	39.9284227297222	116.083991983611
491	39.9283961313889	116.084035660833
492	39.9285468925	116.084317780833
493	39.9285839747222	116.084289996111
494	39.9287371761111	116.0834055775
495	39.93438485	116.095336828056
496	39.9343299722222	116.095329072778
497	39.9324779908333	116.101917431667
498	39.9312942355556	116.102059177222
499	39.9290478952778	116.112939318889
500	39.9294277272222	116.112777543056
501	39.9293372352778	116.113159149722
502	39.9263780969444	116.116909292778
503	39.9274001108333	116.122773702222
504	39.9266508030556	116.122956724444
505	39.9287967188889	116.116696465556
506	39.9407738891667	116.094503636944
507	39.9348427752778	116.102903015278
508	39.9635227294444	116.086696281944
509	39.9647811763889	116.092933721944
510	39.9827283702778	116.085237123056
511	39.9841516202778	116.087120485556
512	39.9880865461111	116.073571827222
513	39.9883657369444	116.071735078333
514	39.9878598225	116.070214528056
515	39.9852085969444	116.079263848056
516	39.9831536397222	116.078175863889
517	39.9807847219444	116.087249668056
518	39.9836583263889	116.087153262778
519	39.9839023816667	116.088107039444
520	39.9817355169444	116.087283470278
521	39.9821025816667	116.085262057222
522	39.9867836525	116.071463478889
523	39.9885034933333	116.073239909167
524	39.9868404766667	116.073537725833
525	39.9878715463889	116.074959225556
526	39.9882463269444	116.072785815278
527	39.9702091236111	116.092361307778
528	39.9691200080556	116.092542601111
529	39.9692273066667	116.091022104722
530	39.9642607952778	116.092689848333
531	39.9644414827778	116.09122858
532	39.9649543475	116.089565506667
533	39.9648301733333	116.090392930556
534	39.9642787019444	116.094222295
535	39.9642626944444	116.094299973889
536	39.9648551930556	116.094191851944
537	39.9639406030556	116.0946973275
538	39.9410491136111	116.130698815556
539	39.9410729630556	116.129765145556
540	39.9181160672222	116.113980513056
541	39.9182389455556	116.113419946389
542	39.9182158733333	116.113521141944
543	40.0013852036111	116.078270554167
544	40.0013879841667	116.080734318611
545	40.0013898861111	116.127828340833
546	39.9398194883333	116.131297196111
547	39.9387925461111	116.131297056111
548	39.9338685236111	116.13106944
549	39.9984146775	116.0922805875
550	39.9990299352778	116.094755301111
551	39.9979173263889	116.094558569444
552	39.9985706222222	116.093207837222
553	39.9976368844444	116.093528672222
554	39.9981200230556	116.096535416667
555	40.0007843408333	116.095839376944
556	39.9560255727778	116.115805382222
557	39.9688749805556	116.082089951389
558	39.9502222677778	116.131298613611
559	39.9984083	116.117470238611
560	40.00089136	116.115688436111
561	40.0010570647222	116.115734585833
562	40.0009218280556	116.115549273889
563	40.0001100730556	116.115031150833
564	39.9992312816667	116.116558507222
565	40.0013987930556	116.114725814167
566	39.9532272622222	116.096707583889
567	39.9613083569444	116.112322508056
568	39.9613574547222	116.112354703889
569	39.9348700233333	116.113663925833
570	39.9332972833333	116.113033720833
571	39.9601494566667	116.126262054722
572	39.9333645202778	116.072420295833
573	39.9322589833333	116.074868229722
574	39.9327696252778	116.072751203333
575	39.9597687597222	116.124609416389
576	39.9594350211111	116.126012065556
577	39.9596507508333	116.126085471667
578	39.9600036155556	116.124716043889
579	39.9604738891667	116.124923929167
580	39.9603459802778	116.124867512222
581	39.9604622027778	116.124657853889
582	39.9604118575	116.124896568889
583	39.9600202877778	116.126210361111
584	39.9615283269444	116.1246461825
585	39.9616122975	116.123607043889
586	39.9622853752778	116.123879355833
587	39.9623952486111	116.123900351944
588	39.9623237452778	116.124580251667
589	39.9622126544445	116.124558304722
590	39.9618428430556	116.12447429
591	39.9619365230556	116.123789033611
592	39.9610961016667	116.124250240833
593	39.9613539377778	116.123443325556
594	39.9609770105556	116.124204974444
595	39.9612195075	116.123383636111
596	39.9547860133333	116.127891933611
597	39.9547020119444	116.127762865833
598	39.9305721294444	116.087566286389
599	39.9316110702778	116.08670269
600	39.9312543705556	116.086024711944
601	39.9302849766667	116.086559202222
602	39.9306554447222	116.087293393056
603	39.9309426705556	116.087087778889
604	39.9305661941667	116.086334997778
605	39.9308550136111	116.086110098611
606	39.9312581902778	116.0869494275
607	39.9308553991667	116.102645541111
608	39.9305497166667	116.103127117222
609	39.9316013777778	116.103412266667
610	39.9327958027778	116.103233298056
611	39.9326478905556	116.102066265556
612	39.9316222669444	116.102342619444
613	39.9318239541667	116.103346698056
614	39.9310717836111	116.103612520556
615	39.9483988325	116.098439779167
616	39.9449910183333	116.099286415833
617	39.9558854827778	116.117975291667
618	39.9586488422222	116.121432639167
619	39.9579480975	116.114996008611
620	39.9561438686111	116.118560860278
621	39.9562555591667	116.121264578056
622	39.9989938952778	116.099654620833
623	39.998948495	116.09969367
624	39.9943830788889	116.093745364722
625	39.9943589977778	116.093814795
626	39.9782609558333	116.096772628611
627	39.9782855905556	116.096835989167
628	39.9424545513889	116.116493839722
629	39.9424656741667	116.116562945
630	39.9297744819444	116.123475579722
631	39.9861613188889	116.094896378056
632	39.9943752763889	116.092611726944
633	39.9944110825	116.092549748611
634	39.9870239669444	116.094503451111
635	39.9905181986111	116.094926229167
636	39.9932796897222	116.092347615278
637	39.9908375191667	116.093106585556
638	39.9223161266667	116.131294813056
639	39.9224024216667	116.131294824444
640	40.0014008547222	116.103316098889
641	40.0014008616667	116.103424224722
642	39.9913497186111	116.071104062222
643	39.9908557252778	116.070760957778
644	39.9898010608333	116.071438541111
645	39.9646683894444	116.105511975278
646	39.9271202291667	116.104484936944
647	39.9264946288889	116.105216110278
648	39.9272879041667	116.094380648611
649	39.9967277669444	116.092857273889
650	39.9970408758333	116.0932847775
651	39.9217687841667	116.113912904722
652	39.9863289341667	116.096327134167
653	39.9775378452778	116.097725332222
654	39.9738371125	116.098115850278
655	39.9694367325	116.099343310278
656	39.9694206333333	116.099276031944
657	39.9663424041667	116.100262576944
658	39.9663449738889	116.100192609722
659	39.9666029088889	116.100518693056
660	39.9342698213889	116.090460329444
661	39.9333568452778	116.091362225278
662	39.9334030452778	116.091324446667
663	39.9318163041667	116.0880655875
664	39.9320417991667	116.088627735278
665	39.9316396169444	116.088946733611
666	39.9316022536111	116.083742749722
667	39.9315882425	116.083551174444
668	39.9321499825	116.084621093056
669	39.9315226994444	116.085104751389
670	39.9323226616667	116.084871585833
671	39.9313560163889	116.085315295556
672	39.9341482269444	116.094233563889
673	39.9340525522222	116.095256775833
674	39.9335204030556	116.093899224167
675	39.9333644297222	116.094642856111
676	39.9341915322222	116.097960575278
677	39.9311180080556	116.101227448333
678	39.9306799291667	116.103749654444
679	39.9303771552778	116.103864283611
680	39.9299965986111	116.101556204167
681	39.9317745652778	116.098998065556
682	39.9383934	116.099206401111
683	39.9382908605556	116.101146746944
684	39.9339444169444	116.1016155775
685	39.9346436708333	116.101392535
686	39.9340592569445	116.105976633889
687	39.9340464713889	116.105908287222
688	39.9307330508333	116.106179288056
689	39.9310839722222	116.107136126944
690	39.9295038758333	116.106886596944
691	39.9288009413889	116.1083927575
692	39.9292686233333	116.108420428056
693	39.9290652075	116.1081235925
694	39.9279962255556	116.106333592222
695	39.9276880169445	116.1064868725
696	39.9265024866667	116.106070624167
697	39.9269925636111	116.106847729722
698	39.9268333597222	116.107789968611
699	39.9293745566667	116.118748343889
700	39.9372607602778	116.107700389722
701	39.9356532025	116.108275859444
702	39.93555958	116.107602315278
703	39.9359044680556	116.107561345833
704	39.9361537758333	116.107436439722
705	39.9402360369444	116.104588784722
706	39.9418110269445	116.101499424167
707	39.9411038430556	116.101892313056
708	39.9409486983333	116.101180765
709	39.9416625316667	116.101035712778
710	39.9445332336111	116.10651097
711	39.9443826172222	116.106394285556
712	39.9437739813889	116.106532620556
713	39.9448989027778	116.106422606667
714	39.9332756508333	116.112932262222
715	39.9316149955556	116.113346179444
716	39.9302111202778	116.113926281667
717	39.9301857402778	116.113825988333
718	39.9231434177778	116.115045533611
719	39.9231609622222	116.11494763
720	39.9265023922222	116.115235914722
721	39.9274069966667	116.114993789167
722	39.9231480766667	116.125532980278
723	39.9215647025	116.128509405
724	39.9219808855556	116.129272542778
725	39.9252617433333	116.114106460556
726	39.9254485086111	116.114659150833
727	39.9255023608333	116.115322515
728	39.9310091583333	116.1136985525
729	39.9316598697222	116.113584656667
730	39.9435760069444	116.108442246389
731	39.9446458308333	116.109038765278
732	39.9445233836111	116.108497870556
733	39.9518341763889	116.100433550556
734	39.9183434222222	116.122451263056
735	39.9191533202778	116.122940499444
736	39.9338821375	116.1114251125
737	39.9340675869444	116.110482767222
738	39.9423590619444	116.098193491667
739	39.942695485	116.094370478611
740	39.9406364636111	116.091398734722
741	39.940558135	116.087579691389
742	39.941093575	116.087637416667
743	39.9429733769444	116.084860590833
744	39.9443782933333	116.090811703056
745	39.9451326363889	116.092067341944
746	39.9477269813889	116.090225160556
747	39.9503358130556	116.090823268611
748	39.9472507852778	116.089566074167
749	39.9396617736111	116.082386490833
750	39.9425949533333	116.076910693889
751	39.931543	116.073366615
752	39.9375056863889	116.070908739444
753	39.9522198963889	116.086643719444
754	39.9530677094444	116.088643405278
755	39.9542002575	116.083155869167
756	39.9564591725	116.095696225
757	39.9467316341667	116.097339633889
758	39.9457110441667	116.097725436389
759	39.9477213058333	116.097845859167
760	39.937835875	116.078391654444
761	39.9342134716667	116.080109210833
762	39.9375508830556	116.079943715833
763	39.9634353566667	116.107165743889
764	39.9635927841667	116.107626092222
765	39.9663654477778	116.111384256667
766	39.9657620702778	116.113472918611
767	39.9683653316667	116.113525845278
768	39.9367149908333	116.116317004722
769	39.9620452977778	116.109679831667
770	39.9617347225	116.108809913333
771	39.9589117055556	116.105781965833
772	39.9653018875	116.110793104444
773	39.9650044891667	116.111719712778
774	39.9655473883333	116.112352341944
775	39.9654876330556	116.112674799444
776	39.9656245502778	116.112866054722
777	39.9660845122222	116.112991324722
778	39.9644483944444	116.110329986389
779	39.9395582444444	116.125948003333
780	39.9404669505556	116.083772003333
781	39.9415195794444	116.08738007
782	39.9417027927778	116.088017020278
783	39.9408191275	116.088673846667
784	39.9410060463889	116.089448838056
785	39.9409898605556	116.089381725833
786	39.9401040030556	116.089877731111
787	39.9424604769444	116.089855981667
788	39.9418881258333	116.095749288611
789	39.9363346419444	116.0806959675
790	39.9366901791667	116.080449316389
791	39.9357677761111	116.079717966111
792	39.9351267933333	116.078653276389
793	39.9350998694444	116.080174273611
794	39.9346742566667	116.0791470425
795	39.9419706813889	116.099486975556
796	39.9418017347222	116.099534983611
797	39.9419564625	116.099051266944
798	39.9417718102778	116.099047723611
799	39.9346164197222	116.095840074444
800	39.9342551286111	116.096141555278
801	39.9351174088889	116.110364765
802	39.9350633175	116.110070726111
803	39.9357949188889	116.109912598611
804	39.9342387633333	116.111304531111
805	39.93477348	116.110136723611
806	39.9354841358333	116.110803529722
807	39.9354205455556	116.110295300556
808	39.9352765305556	116.110328782778
809	39.9353567441667	116.110828050833
810	39.9352001647222	116.110858190556
811	39.9349522327778	116.110905941944
812	39.9213535286111	116.120272578889
813	39.9543635333333	116.092835353056
814	39.9540289494444	116.091801024722
815	39.9567180858333	116.090325776667
816	39.9554969002778	116.088356875
817	39.9536270633333	116.086947481944
818	39.9522243238889	116.087316626389
819	39.9384655536111	116.070847590556
820	39.9375915102778	116.073299771111
821	39.9555273633333	116.096394206944
822	39.9555426302778	116.096577158611
823	39.953289005	116.097270970556
824	39.9555590358333	116.096800638611
825	39.9594896052778	116.0988143875
826	39.9496770697222	116.093931658333
827	39.9516189091667	116.092920966944
828	39.9510237452778	116.092981705278
829	39.9595058475	116.099020581944
830	39.9520292952778	116.091539381111
831	39.9526194511111	116.088628039444
832	39.9523782369444	116.087013705
833	39.9493863422222	116.092964022222
834	39.9481771475	116.092064276667
835	39.9494054033333	116.092293846667
836	39.9466640366667	116.093127521944
837	39.9459525688889	116.091952628889
838	39.9460818572222	116.090053201111
839	39.946514375	116.089857226111
840	39.9465282197222	116.089177482778
841	39.9467488330556	116.089127095278
842	39.9467042294445	116.088633349167
843	39.9465776138889	116.088627798056
844	39.9454496097222	116.093757287778
845	39.9466115133333	116.098906699444
846	39.9465110338889	116.098518695833
847	39.9464739366667	116.098132844722
848	39.9462219241667	116.098201765
849	39.94609593	116.097397616944
850	39.95181901	116.098492733889
851	39.9518064919444	116.098596854722
852	39.9449792097222	116.093948998611
853	39.9449983044444	116.094023856389
854	39.9446828916667	116.092873705833
855	39.9446310786111	116.0928970425
856	39.9430863280556	116.08841288
857	39.9430928566667	116.088484266389
858	39.9428006980556	116.086484886667
859	39.9411511852778	116.083014985833
860	39.9411120730556	116.083063894722
861	39.9380732777778	116.077480208056
862	39.9368137747222	116.07576045
863	39.9367706925	116.0758030875
864	39.9432109236111	116.089484956111
865	39.9434171941667	116.097192053611
866	39.94320398	116.097271858333
867	39.9439262838889	116.091130029167
868	39.9438787808333	116.091163482222
869	39.9433696236111	116.085792589722
870	39.9427109422222	116.086177489167
871	39.9427591163889	116.086145282222
872	39.9400666280556	116.081152081667
873	39.9401109897222	116.081111827778
874	39.9391939180556	116.127125201667
875	39.9391454963889	116.127097895278
876	39.9320378413889	116.073218623889
877	39.9344269086111	116.078592982222
878	39.9337653697222	116.079476218889
879	39.9333868355556	116.079841976111
880	39.9337174491667	116.080890323333
881	39.9344272802778	116.081370464722
882	39.9393142986111	116.107148681667
883	39.9388480133333	116.107376343056
884	39.9391808280556	116.106804600278
885	39.9262406380556	116.127609771667
886	39.9259368238889	116.1278270075
887	39.9276243275	116.127408867778
888	39.9342905816667	116.122791972222
889	39.933001845	116.120333948056
890	39.9329714636111	116.120276003056
891	39.9367681475	116.116313494722
892	39.9367311836111	116.116431843611
893	39.9475528883333	116.113625516944
894	39.9484180019444	116.115635460833
895	39.9483593336111	116.115719368056
896	39.9497442086111	116.117561523056
897	39.949830565	116.119290822222
898	39.9503885786111	116.120090668611
899	39.9543683697222	116.118315961944
900	39.9578071980556	116.115248875833
901	39.9598106027778	116.117612011389
902	39.9599849633333	116.117735550556
903	39.9374654775	116.110398558611
904	39.9369246025	116.111505915833
905	39.9366283711111	116.110850755556
906	39.9361280541667	116.111989718889
907	39.9361871822222	116.111956480556
908	39.9362078425	116.112071353889
909	39.9361472125	116.112105849167
910	39.9434704025	116.115613836667
911	39.9366915702778	116.1116458975
912	39.9360627311111	116.111234652778
913	39.9353619405556	116.112396078056
914	39.9361828352778	116.112740634167
915	39.9365367494444	116.115347355833
916	39.9365953919444	116.115470806389
917	39.9365742841667	116.116437792222
918	39.9386066713889	116.119558696111
919	39.9404911875	116.119354604722
920	39.9404151083333	116.119007793333
921	39.9391491572222	116.119421000833
922	39.9389031975	116.117752968333
923	39.9386374238889	116.117835656389
924	39.9405289558333	116.117286263889
925	39.9382680311111	116.11698272
926	39.9377495686111	116.117113960278
927	39.9367021336111	116.115584029167
928	39.9366829330556	116.115708057222
929	39.93641801	116.113826376111
930	39.9362890936111	116.112849970278
931	39.9367920569444	116.111703204722
932	39.9364873355556	116.1149974775
933	39.9376527158333	116.1208865675
934	39.93843882	116.123424433889
935	39.9385842055556	116.123688591944
936	39.9376794388889	116.120777524167
937	39.9370369166667	116.118221922222
938	39.9387549491667	116.124059343889
939	39.9359262197222	116.120917731944
940	39.9385631561111	116.124143132222
941	39.9343364636111	116.121304768056
942	39.9335486230556	116.121716270278
943	39.9333821311111	116.119997739722
944	39.9332350394444	116.120042976944
945	39.9344147263889	116.121506886944
946	39.9351944675	116.1208831525
947	39.9351219241667	116.120787315556
948	39.9310139766667	116.122047904444
949	39.9336841041667	116.121801681667
950	39.9347206205556	116.121301471111
951	39.9359592230556	116.120435825
952	39.9375029361111	116.121348780556
953	39.938877415	116.131297068056
954	39.9386965805556	116.131297043333
955	39.9715966425	116.087037781667
956	39.9702202902778	116.091095566389
957	39.9681949822222	116.075936812222
958	39.9670640019444	116.07569659
959	39.9671110155556	116.075515142778
960	40.0008489202778	116.096130730278
961	39.9493266030556	116.131200563889
962	39.9491852938889	116.13121722
963	39.9502853672222	116.131220735278
964	39.9503520394444	116.131164256389
965	39.9763850683333	116.094922183889
966	39.9745024302778	116.095898661389
967	39.9752396127778	116.093839711944
968	39.9751441902778	116.093799665278
969	39.975109535	116.093400493611
970	39.9728622008333	116.09408398
971	39.9731115602778	116.094944331667
972	39.9736290819444	116.09559388
973	39.9757556897222	116.094889659444
974	39.9763413905556	116.094541706667
975	39.9768202469444	116.0938405675
976	39.9768727841667	116.0940162925
977	39.9762204397222	116.094173600278
978	39.9762779186111	116.094351029444
979	39.9761584055556	116.093982111944
980	39.9756864519444	116.094683845
981	39.9756258561111	116.094503722778
982	39.9755788436111	116.094363978333
983	39.9751451913889	116.094935439722
984	39.9747650166667	116.095341881111
985	39.97694576	116.097771556389
986	39.9766527125	116.096480403056
987	39.9764252588889	116.095066039167
988	39.9761363058333	116.095228220556
989	39.9758508136111	116.095388457222
990	39.9755113861111	116.095582893889
991	39.9752087519445	116.095759515278
992	39.9749103325	116.095999878611
993	39.9746472266667	116.096353038056
994	39.9748294008333	116.097024780833
995	39.9751808586111	116.096910684722
996	39.9755363219444	116.096802138333
997	39.9758604605556	116.096706355
998	39.9762140072222	116.09660188
999	39.9765164163889	116.096515678889
1000	39.9741923111111	116.097228748333
1001	39.9864862619444	116.094356253333
1002	39.9875404388889	116.096168149167
1003	39.9370547883333	116.090758271667
1004	39.9361703358333	116.091077878333
1005	39.9296641730556	116.100405653611
1006	39.9218215758333	116.113740808056
1007	39.9255170069444	116.123879763611
1008	39.9251294019444	116.124021401944
1009	39.9234536541667	116.124067117778
1010	39.9235111066667	116.124058731389
1011	39.9208589888889	116.127199261111
1012	39.9256905472222	116.124015128611
1013	39.9254560822222	116.123027618611
1014	39.9319068347222	116.115773530278
1015	39.9435027544444	116.108214695833
1016	39.9440815980556	116.108075596944
1017	39.9548096386111	116.101617028611
1018	39.9439113663889	116.107409741944
1019	39.9391420225	116.109254514167
1020	39.9352235869444	116.112337212778
1021	39.9315494922222	116.112099787778
1022	39.9308172041667	116.109726248611
1023	39.9311117602778	116.111220074722
1024	39.9279342263889	116.114404643611
1025	39.9272845272222	116.110201649722
1026	39.9345028152778	116.101437464167
1027	39.9371659380556	116.120806218333
1028	39.9365974966667	116.121813376944
1029	39.9428197508333	116.116819074444
1030	39.9428633080556	116.116895521667
1031	39.9429556186111	116.117012242222
1032	39.9358052180556	116.108203353056
1033	39.9396818625	116.126634150833
1034	39.9397088352778	116.1270261325
1035	39.9390535883333	116.124253562222
1036	39.9447614927778	116.106455811667
1037	39.9485913572222	116.1049410675
1038	39.9514339930556	116.098600506944
1039	39.9514308805556	116.098492623333
1040	39.9390461172222	116.126428434722
1041	39.9362510213889	116.112446885278
1042	39.9361942861111	116.112454186667
1043	39.9450601469444	116.112534513611
1044	39.9368473566667	116.116059879722
1045	39.9365671802778	116.116519554167
1046	39.9367072966667	116.116470596944
1047	39.9329041538889	116.1201476275
1048	39.9330558108333	116.120436875833
1049	39.9336929641667	116.121652110833
1050	39.9337611913889	116.121782241667
1051	40.0013932741667	116.086295576111
1052	39.9609761458333	116.107113550833
1053	39.9585371941667	116.099047607222
1054	39.9450343169444	116.0939404075
1055	39.9431425155556	116.088426084722
1056	39.9984255305556	116.093243119722
1057	39.9976763591667	116.093703871667
1058	39.9822438886111	116.0852564275
1059	39.9764057036111	116.094996045
1060	39.9743304122222	116.097184534722
1061	39.9742741788889	116.097077055278
1062	39.9632159877778	116.104021164167
1063	39.9629792858333	116.104294791111
1064	39.9615013202778	116.107901648056
1065	39.9601145433333	116.108410969444
1066	39.9601191872222	116.104751961389
1067	39.9578278097222	116.114907615278
1068	39.9576247005556	116.107353269722
1069	39.9615289313889	116.124454455278
1070	39.9604377533333	116.124773783611
1071	39.9499045830556	116.120514371944
1072	39.9398272775	116.126608479722
1073	39.9419788991667	116.095594278611
1074	39.9418660775	116.1000334525
1075	39.9426476383333	116.101664268333
1076	39.9481050061111	116.091918595833
1077	39.9452473655556	116.104487247778
1078	39.9314281333333	116.085476412222
1079	39.9305729733333	116.087381182778
1080	39.9392371627778	116.098733151389
1081	39.9376885147222	116.103198382222
1082	39.9380666866667	116.105685378889
1083	39.9367849472222	116.105418374722
1084	39.9357022144444	116.107582980278
1085	39.9345794936111	116.105617105278
1086	39.9309791816667	116.1012681475
1087	39.9314658986111	116.1034727175
1088	39.9317345116667	116.103362538333
1089	39.9291763866667	116.108285831111
1090	39.9286767166667	116.109360686667
1091	39.9264185844444	116.116671886944
1092	39.9254394413889	116.116046623333
1093	39.9251072297222	116.115575025833
1094	39.9288205136111	116.117730005
1095	39.9339587405556	116.115332988333
1096	39.9335688555555	116.115770457778
1097	39.9310367636111	116.108365476667
1098	39.9348604608333	116.108986623611
1099	39.9348185241667	116.108655091667
1100	39.9356511286111	116.109943677222
1101	39.9387725580556	116.117793613333
1102	39.9387485405556	116.119531072778
1103	39.9275944780556	116.114847383056
1104	39.9275891755556	116.114740219444
1105	39.9367364475	116.121749763611
1106	39.9988351194444	116.081735473333
1107	39.9990928319444	116.082431178056
1108	39.9989840608333	116.082137543056
1109	39.9283332975	116.125012233056
1110	39.9352783272222	116.118562120278
1111	39.98853821	116.083741703889
1112	39.9899102186111	116.083090205833
1113	39.9899180725	116.083749873611
1114	39.9906743663889	116.083754351944
1115	39.9899265977778	116.08446768
1116	39.9899283366667	116.084614332222
1117	39.9618340694444	116.119807189722
1118	39.9597519341667	116.124433810833
1119	39.9607944236111	116.123263379444
1120	39.9606036947222	116.123162061667
1121	39.9603721033333	116.123932980556
1122	39.9600625125	116.123757664167
1123	39.9599576716667	116.124024083056
1124	39.9605003777778	116.124005620278
1125	39.96109885	116.122452591111
1126	39.9601608241667	116.120252126944
1127	39.9593229925	116.120253150278
1128	39.9598903086111	116.121039905
1129	39.9611177713889	116.121714378889
1130	39.9607962858333	116.122293215556
1131	39.9605026611111	116.122170081944
1132	39.9605887694444	116.122151420833
1133	39.9606315352778	116.122230315278
1134	39.9522293658333	116.102190365833
1135	39.9518941152778	116.102871353889
1136	39.9516712691667	116.102863902778
1137	39.9519017391667	116.102161707222
1138	39.9471737327778	116.104417159722
1139	39.9454573008333	116.105284390833
1140	39.9458598105556	116.103486531111
1141	39.945349475	116.104459788611
1142	39.9459846069444	116.104311276111
1143	39.9440138269444	116.103349435833
1144	39.9438400122222	116.1047377225
1145	39.9431980736111	116.104998873333
1146	39.9428325208333	116.105104121944
1147	39.9434120480556	116.105709824722
1148	39.9432349141667	116.105798631667
1149	39.9433910430556	116.106290630278
1150	39.9436680147222	116.10649241
1151	39.9415084880556	116.105788906944
1152	39.9376822219444	116.101419663056
1153	39.9369629355556	116.100793660556
1154	39.9309871886111	116.119176700278
1155	39.9310083847222	116.118879920833
1156	39.9304629891667	116.118588561389
1157	39.930835335	116.117953064722
1158	39.9317769847222	116.119176988611
1159	39.9320972363889	116.119070563889
1160	39.9320553138889	116.118778416667
1161	39.9316390094444	116.118304719167
1162	39.9320112325	116.118471250278
1163	39.9302145658333	116.118436463611
1164	39.9307554291667	116.118870635833
1165	39.9399688413889	116.08426982
1166	39.9396116069444	116.083440959167
1167	39.9393254247222	116.083148333056
1168	39.9393795913889	116.083567729722
1169	39.9397411836111	116.083794743056
1170	39.9393333930556	116.085020695833
1171	39.9388108566667	116.083854737778
1172	39.9382756716667	116.083199069167
1173	39.9384177152778	116.0841851625
1174	39.9389971552778	116.084210671111
1175	39.9199888163889	116.1158047375
1176	39.9199655236111	116.114943500833
1177	39.9199726377778	116.113783175556
1178	39.91959311	116.115222168056
1179	39.9197121563889	116.114962836389
1180	39.9198509680555	116.114937903333
1181	39.9908278558333	116.0930372325
1182	39.9870396983333	116.094560998056
1183	39.9861430858333	116.094828433056
1184	39.9769557277778	116.097840856944
1185	39.9666334361111	116.100238149444
1186	39.961009685	116.107068551111
1187	39.9585506883333	116.099105612778
1188	39.9524747922222	116.098591939167
1189	39.9480538391667	116.09970079
1190	39.9468577625	116.0998533125
1191	39.9420360202778	116.100168443611
1192	39.9407999397222	116.100866645
1193	39.9397796136111	116.101521278889
1194	39.9393046077778	116.101738018611
1195	39.9378363083333	116.103354819167
1196	39.9371538641667	116.104430978889
1197	39.9357998761111	116.105557005
1198	39.9345938552778	116.105865495556
1199	39.9331327686111	116.106192284167
1200	39.9311141486111	116.107195136667
1201	39.929307845	116.108472226944
1202	39.9275513997222	116.109734079444
1203	39.9271744188889	116.109993633333
1204	39.9199773694444	116.113672014167
1205	39.9251354947222	116.115286008333
1206	39.9255049352778	116.115427691667
1207	39.9264938052778	116.115130608333
1208	39.9279634480556	116.114700064722
1209	39.9283021097222	116.114454901667
1210	39.9289889030556	116.114275049167
1211	39.9309858983333	116.113597568056
1212	39.9359834422222	116.111248378611
1213	39.9369700263889	116.111595976944
1214	39.938246835	116.110826669444
1215	39.9400021352778	116.109663436667
1216	39.9433760388889	116.107786573889
1217	39.9317547647222	116.098934081111
1218	39.9347221763889	116.101378145278
1219	39.9354770527778	116.107617243056
1220	39.9356916261111	116.109167004444
1221	39.9363644952778	116.113835508056
1222	39.9366490488889	116.11546734
1223	39.9366297863889	116.115714366389
1224	39.9365774494444	116.115343759167
1225	39.9366308202778	116.115337847222
1226	39.9367599394445	116.116254361944
1227	39.9369846547222	116.118228113611
1228	39.9310569277778	116.122092705
1229	39.9297329947222	116.123429205833
1230	39.9384941980556	116.123405586111
1231	39.9385243608333	116.123703433333
1232	39.9387035208333	116.124080731944
1233	39.9386453791667	116.124091655278
1234	39.9310511525	116.088495816667
1235	39.9315964825	116.088994115278
1236	39.9342012205556	116.096133483611
1237	39.9536751177778	116.128447654167
1238	39.9546674944444	116.127704485833
1239	39.9587024133333	116.121451130556
1240	39.9866107358333	116.094553584167
1241	39.9952042691667	116.094512132222
1242	39.9952666005556	116.094488971667
1243	39.9370547755556	116.117677289722
1244	39.9370650925	116.1177465475
1245	39.9381160616667	116.077436415556
1246	39.9428539719444	116.086470591111
1247	39.9431368052778	116.088364023056
1248	39.9432640166667	116.089471150833
1249	39.9450192566667	116.093881561389
1250	39.9434704527778	116.097191010278
1251	39.9615242605556	116.120055933056
1252	39.9830124516667	116.082529359444
1253	39.9860492461111	116.083309962222
1254	39.9857891388889	116.084721832778
1255	39.98808248	116.084016311389
1256	39.9870629802778	116.0835830075
1257	39.9885529041667	116.083956784167
1258	39.9884910880556	116.084202375278
1259	39.9899274883333	116.084542778611
1260	39.9423875969445	116.094184476389
1261	39.9423316425	116.094779581667
1262	39.9424486302778	116.104453646111
1263	39.9336411966667	116.112310088333
1264	39.9359165708333	116.114291690556
1265	39.9355191319444	116.114376748333
1266	39.9350785913889	116.117148905833
1267	39.9342596855556	116.116111319722
1268	39.9346004866667	116.117278604444
1269	39.9335933916667	116.118186489444
1270	39.9335018325	116.118140699722
1271	39.9335679613889	116.117713461667
1272	39.9306770933333	116.083611576667
1273	39.9309485283333	116.083419334167
1274	39.9421739752778	116.094489640278
1275	39.9287105683333	116.120254026111
1276	39.9314180502778	116.084092979722
1277	39.9319050108333	116.084815876944
1278	39.9311568183333	116.084364582778
1279	39.9309831911111	116.084638338611
1280	39.9423804505556	116.094908525833
1281	39.9428225483333	116.104430275556
1282	39.9420017275	116.105322803333
1283	39.9366239277778	116.108178379444
1284	39.9363803711111	116.108929704444
1285	39.9351427283333	116.111931326944
1286	39.9337531336111	116.112786913056
1287	39.9315383188889	116.112938394167
1288	39.9304701455556	116.1106784725
1289	39.9299336633333	116.110948305
1290	39.9309168711111	116.112046141667
1291	39.9302904641667	116.112362348333
1292	39.9307148583333	116.111427653333
1293	39.9301218688889	116.1116986775
1294	39.9279142336111	116.114108133333
1295	39.9288672575	116.113685131944
1296	39.9360354066667	116.114835369444
1297	39.9328592408333	116.117793350833
1298	39.9326780797222	116.116114914722
1299	39.9328922063889	116.117122371389
1300	39.9287070030556	116.119612597222
1301	39.9280639866667	116.120242143889
1302	39.9287714880556	116.121128513056
1303	39.9321152180556	116.102209794722
1304	39.9323001736111	116.103285935278
1305	39.9475052272222	116.122518194167
1306	39.9485616513889	116.082584698333
1307	39.94480543	116.087841696944
1308	39.9446230375	116.087999595833
1309	39.9447349441667	116.0881393275
1310	39.9432714463889	116.082195401944
1311	39.9499507116667	116.119619601389
1312	39.9385575925	116.117166913611
1313	39.9385789286111	116.117232762222
1314	39.9383375158333	116.118401459167
1315	39.9312742988889	116.120668560833
1316	39.9215684469444	116.122819074167
1317	39.9196131136111	116.117307046944
1318	39.9205729569444	116.117455201111
1319	39.9213122908333	116.11756646
1320	39.9212565616667	116.117576401111
1321	39.9215786452778	116.118345739167
1322	39.9220126416667	116.119692291667
1323	39.9219654583333	116.1197307675
1324	39.9196244994444	116.122141207222
1325	39.9244744605556	116.128964604722
1326	39.9245162002778	116.129010825556
1327	39.9272839844444	116.126116651944
1328	39.9272434091667	116.126069087778
1329	39.9254738811111	116.123351814444
1330	39.9255441552778	116.1240704525
1331	39.9263399163889	116.123809791667
1332	39.9268747372222	116.123691044167
1333	39.9282069311111	116.120280789444
1334	39.9287222819444	116.118246718333
1335	39.9291629225	116.117260739722
1336	39.9292978783333	116.117074470556
1337	39.9217175444444	116.118268078889
1338	39.9258035852778	116.117782586667
1339	39.9250321022222	116.119881836944
1340	39.9252538075	116.120034950556
1341	39.9258231011111	116.119324537222
1342	39.9254571555556	116.119202801667
1343	39.9289146888889	116.116419911944
1344	39.9290514286111	116.116463531944
1345	39.9295422302778	116.116769004444
1346	39.9296625183333	116.116926901389
1347	39.9351259088889	116.115165915833
1348	39.9351372825	116.115234460833
1349	39.934006405	116.115495289444
1350	39.9340143175	116.115565033056
1351	39.9335508188889	116.115709617778
1352	39.9321194730556	116.116064311667
1353	39.9321248202778	116.116134643611
1354	39.9340342652778	116.115752848056
1355	39.93043475	116.119762475278
1356	39.9327468608333	116.11913477
1357	39.9356311186111	116.1169893275
1358	39.936504885	116.117016868333
1359	39.9349772358333	116.1142931875
1360	39.9349889202778	116.114361770556
1361	39.9358915622222	116.114173053889
1362	39.9354860947222	116.114186799167
1363	39.9354980152778	116.114255333611
1364	39.9355087266667	116.114316920833
1365	39.9363474291667	116.114006716667
1366	39.9363571352778	116.114075715
1367	39.9359039361111	116.114231752222
1368	39.9317111505556	116.107399040278
1369	39.9306011608333	116.1072240125
1370	39.9273984291667	116.104012063056
1371	39.9272956113889	116.104040901667
1372	39.9273463436111	116.1040266725
1373	39.9436423927778	116.108711021111
1374	39.9441468602778	116.108274782222
1375	39.9438601425	116.109260208889
1376	39.9437059913889	116.1094699575
1377	39.9436368875	116.109144986389
1378	39.9442388516667	116.108547902222
1379	39.9447818547222	116.113178984722
1380	39.9456928744444	116.107201291667
1381	39.9456663052778	116.1072085
1382	39.9457064316667	116.107302073611
1383	39.9455872386111	116.106129966111
1384	39.9454190288889	116.106175482222
1385	39.9454456025	116.106168291667
1386	39.9454710941667	116.106274779167
1387	39.9454445541667	116.106282111667
1388	39.9454225488889	116.106071989722
1389	39.9453958625	116.106078708611
1390	39.9452364405556	116.103635691944
1391	39.9453766966667	116.105306786944
1392	39.9452505738889	116.105341831389
1393	39.9452769977778	116.105334489167
1394	39.9452600116667	116.1052381525
1395	39.9452333963889	116.105244408056
1396	39.9452946319444	116.105433148889
1397	39.9452679730556	116.105439200833
1398	39.9451065608333	116.104525112778
1399	39.9451330244444	116.104517996667
1400	39.9451173002778	116.104428830833
1401	39.9450905208333	116.104434155278
1402	39.9451502261111	116.104615542222
1403	39.9451235119444	116.104621236944
1404	39.9451129794444	116.103662885833
1405	39.9449604252778	116.103696488889
1406	39.9449871069444	116.103690611944
1407	39.9450053469444	116.103794026389
1408	39.9449786761111	116.103799969444
1409	39.9449673738889	116.103578729167
1410	39.9449406433333	116.10358433
1411	39.9448108002778	116.101981596111
1412	39.9450978302778	116.102000913611
1413	39.9453960508333	116.102020984444
1414	39.9460628588889	116.102058953056
1415	39.9451007086111	116.102689065278
1416	39.945388215	116.102608257222
1417	39.9449534013889	116.101991193611
1418	39.9453899252778	116.102480203611
1419	39.9450998252778	116.102477375278
1420	39.9462922691667	116.095480433333
1421	39.9463298327778	116.094260746389
1422	39.9455189608333	116.094255830278
1423	39.9474273027778	116.094183235278
1424	39.9456449908333	116.107001241667
1425	39.9456182919444	116.107007908333
1426	39.9438818963889	116.099706828056
1427	39.9438275455556	116.099712232778
1428	39.9438656272222	116.099774729167
1429	39.9435001547222	116.097494866389
1430	39.9434435380556	116.097452107778
1431	39.9435375269444	116.097711371111
1432	39.9434900677778	116.097729436667
1433	39.94331792	116.097370688056
1434	39.9469486011111	116.081539626389
1435	39.9444799866667	116.079022206944
1436	39.9450274913889	116.082916518611
1437	39.9486441525	116.1039675325
1438	39.9460423422222	116.105133746389
1439	39.9554542908333	116.098960703889
1440	39.9537416455556	116.098757990278
1441	39.9541302041667	116.09505132
1442	39.9373573933333	116.095107134444
1443	39.9342645786111	116.097943351111
1444	39.9342389825	116.097873345278
1445	39.9341931983333	116.097885746389
1446	39.9392892705556	116.097527254722
1447	39.9381432552778	116.101212934167
1448	39.9372534869444	116.101635755
1449	39.9376650155556	116.102175097778
1450	39.9364116797222	116.105215677778
1451	39.9357739297222	116.105484737222
1452	39.9361659405556	116.105427223056
1453	39.9363964827778	116.10590308
1454	39.936246035	116.105592543611
1455	39.9361436536111	116.105382672778
1456	39.9369715033333	116.096958854444
1457	39.9376152691667	116.096616642222
1458	39.93862521	116.095806581667
1459	39.9379746758333	116.096141848889
1460	39.9380353619444	116.096319734444
1461	39.938057275	116.096383967778
1462	39.9387033158333	116.095972083056
1463	39.9382957333333	116.095976386111
1464	39.9409974005556	116.094746244444
1465	39.9409518791667	116.094696025
1466	39.9398792188889	116.096711378056
1467	39.9399056341667	116.096700996389
1468	39.9395723566667	116.095583103611
1469	39.9395476225	116.095597419722
1470	39.9395399638889	116.095524966111
1471	39.9391309647222	116.094208938611
1472	39.9379025844444	116.094833316389
1473	39.9402917494444	116.093586706111
1474	39.9396656069445	116.095993761667
1475	39.9396919563889	116.095984256389
1476	39.9400476708333	116.097223992222
1477	39.9391910716667	116.094402335
1478	39.9400677563889	116.093706778611
1479	39.9381949713889	116.095683413611
1480	39.9338267386111	116.0922657225
1481	39.9338582080556	116.092326335
1482	39.9338802672222	116.092243319444
1483	39.9339117369444	116.092303932778
1484	39.9381368838889	116.090595438611
1485	39.9381622197222	116.090659283056
1486	39.9397137369444	116.089932378889
1487	39.9400824944444	116.089812978889
1488	39.939265355	116.0902764825
1489	39.9392457072222	116.0902103875
1490	39.9337619538889	116.100163625278
1491	39.9344537636111	116.099950639722
1492	39.9359266583333	116.109097941944
1493	39.9358102575	116.108257923611
1494	39.936871605	116.105574499167
1495	39.9378352247222	116.105962958333
1496	39.9379579983333	116.105784718056
1497	39.9379016008333	116.105866595278
1498	39.9376893172222	116.1066444525
1499	39.9374133	116.105908068056
1500	39.9404014458333	116.101379283889
1501	39.9417003191667	116.101560456111
1502	39.9415570930556	116.101087219167
1503	39.9420363372222	116.102314030833
1504	39.9443686647222	116.1046401375
1505	39.9443784575	116.104711590833
1506	39.9446159758333	116.104591043611
1507	39.9446268394444	116.104658905833
1508	39.9430939619444	116.103976897222
1509	39.9419055438889	116.107116009722
1510	39.94287226	116.103161552778
1511	39.9431273988889	116.104881548889
1512	39.9440576925	116.104702570833
1513	39.9440938177778	116.104785900278
1514	39.9439270694444	116.104834162778
1515	39.9408670527778	116.105999283889
1516	39.9408908855556	116.106083902222
1517	39.9409125033333	116.10616066
1518	39.9434920086111	116.104189056111
1519	39.9432576058333	116.106364773611
1520	39.9429174708333	116.106553764722
1521	39.9425873938889	116.106737164167
1522	39.9422497302778	116.106924776111
1523	39.9416316636111	116.10727866
1524	39.9412852863889	116.107484361389
1525	39.9407423830556	116.107683274167
1526	39.9403568911111	116.106524278611
1527	39.9400367697222	116.106788269722
1528	39.9440019180556	116.106316753333
1529	39.9443530866667	116.106132326389
1530	39.9424670847222	116.105091011944
1531	39.9425107525	116.105232828056
1532	39.9421197852778	116.105264
1533	39.9421699186111	116.105421932778
1534	39.9412206016667	116.105968480833
1535	39.9418504588889	116.105599176111
1536	39.9429973269444	116.105056671944
1537	39.9435633830556	116.104916576389
1538	39.9435078013889	116.104804145556
1539	39.9384639380556	116.109845479444
1540	39.9379359297222	116.110041290833
1541	39.9379964516667	116.110222831111
1542	39.9378854027778	116.109889733889
1543	39.9380784625	116.110086135278
1544	39.9306822755556	116.113684243056
1545	39.9299285086111	116.113827696111
1546	39.9294629269444	116.114032326389
1547	39.9288350305556	116.113510113611
1548	39.9520620836111	116.102172774167
1549	39.9351021763889	116.111713028889
1550	39.9422354772222	116.115392471667
1551	39.9302325352778	116.1223140225
1552	39.9193948597222	116.130399917222
1553	39.9385048580556	116.119909084722
1554	39.9391351736111	116.120347775833
1555	39.9432028622222	116.116137446389
1556	39.9303691563889	116.122241560278
1557	39.9296415430556	116.122719771111
1558	39.928159525	116.124940844444
1559	39.9277945847222	116.125110740833
1560	39.9227999825	116.124772178889
1561	39.9222505322222	116.125568136944
1562	39.9230297658333	116.126897471667
1563	39.9184151016667	116.1312942825
1564	39.9688378144444	116.077548585556
1565	39.9215537241667	116.076650411944
1566	39.9256087536111	116.079894331111
1567	39.9675346480556	116.073813914444
1568	39.97102539	116.088464428333
1569	39.9395864313889	116.095498072778
1570	39.9387339802778	116.096031763889
1571	39.9375887097222	116.096554943056
1572	39.9369405797222	116.096899105278
1573	39.9345305561111	116.099939419444
1574	39.9438150361111	116.099787195833
1575	39.9215254794444	116.118363180278
1576	39.9337838377778	116.112883456944
1577	39.9456562561111	116.1073159
1578	39.9429704541667	116.104924004167
1579	39.9417920291667	116.105438541111
1580	39.9420444952778	116.105491520833
1581	39.9411475736111	116.105820598056
1582	39.9358702494444	116.114106483056
1583	39.9335330402778	116.115643000833
1584	39.9259915125	116.125597186667
1585	39.9263500502778	116.126271509167
1586	39.9261584777778	116.126643030833
1587	39.9260747669444	116.126794313333
1588	39.9358590197222	116.117230036944
1589	39.9621833575	116.110757712778
1590	39.9523857397222	116.103791827778
1591	39.9523539997222	116.103695183056
1592	39.9958975066667	116.094204625
1593	39.9361523758333	116.074737491667
1594	39.9307450736111	116.099524269167
1595	39.9280834308333	116.105934315556
1596	39.9448072216667	116.102747651944
1597	39.9596631230556	116.104036655833
1598	39.9284869113889	116.102664107222
1599	39.9738473472222	116.098184795
1600	39.9307154444444	116.113782367222
1601	39.9294865997222	116.114133028889
1602	39.9970426544444	116.209085413333
1603	39.9930511977778	116.239575409167
1604	39.9926740138889	116.223613883056
1605	39.9951377627778	116.201520602222
1606	39.9935692752778	116.215834204167
1607	39.9912791802778	116.211602475556
1608	39.984758805	116.220684681944
1609	39.9696943547222	116.195329223333
1610	39.9608926577778	116.215017209167
1611	39.9597754813889	116.195830024444
1612	39.9622545866667	116.178906846944
1613	39.9547504077778	116.186143036944
1614	39.9541863555556	116.188337431389
1615	39.9537784055556	116.201895719444
1616	39.952329275	116.182809376389
1617	39.9515609575	116.146362524722
1618	39.9504883080556	116.235396707778
1619	39.9603275708333	116.143894378611
1620	39.9494648413889	116.140408485278
1621	39.9501796272222	116.140421105
1622	39.9523312666667	116.165436569722
1623	39.9481119291667	116.14765257
1624	39.9469901002778	116.136892502222
1625	39.9439211080556	116.146266406389
1626	39.9410356722222	116.227740499444
1627	39.9410226975	116.239860991111
1628	39.9406049775	116.227761203611
1629	39.9366131669444	116.174082546111
1630	39.9379585058333	116.225638659444
1631	39.9357430880556	116.227174103889
1632	39.9398722169444	116.15917591
1633	39.9350832875	116.161932468611
1634	39.9345549180556	116.161070491667
1635	39.9346028969444	116.195733460278
1636	39.9344699047222	116.158606971667
1637	39.9343441913889	116.15971628
1638	39.9332274427778	116.161365288333
1639	39.9331410605556	116.158615769167
1640	39.9327295647222	116.226806195278
1641	39.9327611561111	116.158762604722
1642	39.9306233611111	116.206968631667
1643	39.9299206352778	116.161282668333
1644	39.9287005202778	116.161252134167
1645	39.9285592569444	116.162585291667
1646	39.9271727655556	116.162409045833
1647	39.9271162902778	116.161225948611
1648	39.9262248597222	116.173535060833
1649	39.9262795880556	116.166011800833
1650	39.9263086180556	116.162457303056
1651	39.9263153102778	116.163960408611
1652	39.9225813061111	116.186561511944
1653	39.9223582713889	116.171267025
1654	39.9222971444445	116.164621958611
1655	39.9223003986111	116.166904270556
1656	39.9217211986111	116.165986450556
1657	39.9215279830556	116.164826443333
1658	39.9212669622222	116.161825573889
1659	39.920383135	116.162448909444
1660	39.9199289566667	116.151862803889
1661	39.9194149494444	116.153810350556
1662	39.9194100613889	116.154855465556
1663	39.9183135155556	116.153762981389
1664	39.9182861827778	116.154867398611
1665	39.9979867458333	116.231689090833
1666	39.9942753394444	116.205320314444
1667	39.9941773902778	116.203283145278
1668	39.9914829630556	116.190821811944
1669	39.9920043188889	116.192951483056
1670	39.9912343091667	116.189125068333
1671	39.99092669	116.191202636111
1672	39.9905399263889	116.189073035556
1673	39.9867788188889	116.195141056111
1674	39.980609645	116.150098958611
1675	39.9865740105556	116.155113109444
1676	39.9766335330556	116.149568546389
1677	39.9764219347222	116.146712488889
1678	39.9763094569444	116.146461331944
1679	39.9808793302778	116.137428129444
1680	39.9710063563889	116.143818695278
1681	39.9698652522222	116.170372186111
1682	39.9782931602778	116.157215855
1683	39.9665247488889	116.140892536944
1684	39.9854357508333	116.246099856111
1685	39.9804848797222	116.247694536111
1686	39.9766108780556	116.255713182778
1687	39.9547828533333	116.252853283333
1688	39.9546352047222	116.2546125075
1689	39.9477608922222	116.240883125833
1690	39.9322890880556	116.242353211944
1691	39.9233500402778	116.245156206389
1692	39.9553283219444	116.219396108889
1693	39.9931019897222	116.221543058889
1694	39.9926735425	116.223153903333
1695	39.9930441180556	116.222922301111
1696	39.9918065608333	116.222127113611
1697	39.9923443025	116.221271878056
1698	39.9798893369444	116.222112140556
1699	39.9934295386111	116.203273643889
1700	39.9580812458333	116.216531290833
1701	39.9580838844444	116.214920695833
1702	39.9692241736111	116.236496445556
1703	39.9584527508333	116.207809188056
1704	39.9505988377778	116.224449877778
1705	39.9406009141667	116.251614554722
1706	39.9446034730556	116.200286433056
1707	39.9381717641667	116.185990348889
1708	39.9381556813889	116.188669654722
1709	39.9381371558333	116.191224148056
1710	39.9344201525	116.185992461944
1711	39.9357563497222	116.185994173056
1712	39.9362754591667	116.188702115556
1713	39.9345866597222	116.191238959167
1714	39.9295296925	116.230725708889
1715	39.9268330202778	116.230806897778
1716	39.9933014836111	116.222050811111
1717	39.946166175	116.136931541389
1718	39.951494175	116.252645015556
1719	39.9410545011111	116.234387469444
1720	39.9318343713889	116.230916050278
1721	39.9252057352778	116.2098932075
1722	39.9212460455556	116.2120468625
1723	39.9527393866667	116.216123264444
1724	39.9515408083333	116.215705074167
1725	39.9578219327778	116.217067116944
1726	39.9553885413889	116.214157190278
1727	39.9566138819444	116.214864160833
1728	39.9254834666667	116.2122853925
1729	39.9235952802778	116.210285361389
1730	39.9212653144444	116.211871620278
1731	39.9241056802778	116.214454975278
1732	39.9240679775	116.21206998
1733	39.9961539813889	116.227096635278
1734	39.9247946558333	116.214805732778
1735	39.9281936919444	116.212095043333
1736	39.9247878105556	116.208699960556
1737	39.9246167308333	116.207750519722
1738	39.9247568047222	116.217584186389
1739	39.9531034705556	116.215509746944
1740	39.9884690763889	116.221192891667
1741	39.9886624363889	116.221039134167
1742	39.9955903819444	116.224995439444
1743	39.9954752575	116.225769065
1744	39.9437865430556	116.139944010556
1745	39.9409656697222	116.142653293333
1746	39.9409232725	116.14260981
1747	39.9349436522222	116.154671707222
1748	39.9327535208333	116.156626238889
1749	39.9327241436111	116.156559822778
1750	39.9355882152778	116.132333430278
1751	39.9356066655556	116.132541423056
1752	39.954882875	116.224760586944
1753	39.9548652583333	116.226488075
1754	39.9702445941667	116.240286039167
1755	39.9731197327778	116.239314908056
1756	39.9731064936111	116.236365152222
1757	39.9731786155556	116.224499239722
1758	39.9731147677778	116.250851163611
1759	39.9427328222222	116.144973433333
1760	39.9387813991667	116.186000532778
1761	39.9395509408333	116.188737882778
1762	39.9304812997222	116.191822390833
1763	39.9583058630556	116.226722176667
1764	39.9591702863889	116.248113368056
1765	39.9678697413889	116.231341370833
1766	39.9280326697222	116.212301293333
1767	39.9550461955556	116.218860954444
1768	39.9550450402778	116.22029274
1769	39.998727265	116.208705943611
1770	39.9454969813889	116.15026868
1771	40.0012313088889	116.230188046944
1772	39.9179882080556	116.170792693056
1773	39.9180001691667	116.164271950278
1774	39.9180077141667	116.1600300275
1775	39.9180218677778	116.151614446389
1776	39.9580931469444	116.206687194167
1777	39.9649563752778	116.134060923333
1778	39.9591618638889	116.131719195833
1779	39.9179264019444	116.205051091944
1780	39.92459564	116.20965435
1781	39.9258494025	116.213897645833
1782	39.9919800438889	116.222830418889
1783	39.9918346913889	116.222465819167
1784	39.9805902666667	116.236107098889
1785	39.9805398808333	116.236014895556
1786	39.9837146172222	116.253682538333
1787	39.9821723561111	116.254988125278
1788	39.9670018216667	116.242054389722
1789	39.9669680191667	116.241915128611
1790	39.9638282111111	116.243236098333
1791	39.96378485	116.243117384722
1792	39.962818035	116.243646879444
1793	39.9628020977778	116.243516753056
1794	39.9684077619444	116.241664574167
1795	39.9683692833333	116.241551645556
1796	39.9903113155556	116.223586240556
1797	39.9557266919444	116.214264989722
1798	39.9556613438889	116.213990338056
1799	39.9977109177778	116.133117014167
1800	40.0011096269444	116.245125449722
1801	40.0011256527778	116.245503264167
1802	39.9709832377778	116.177792366667
1803	39.9548304430555	116.220099726944
1804	39.9537440841667	116.2167385425
1805	39.9213197241667	116.206897465833
1806	39.9213637752778	116.206898745556
1807	39.9248902252778	116.206874340556
1808	39.9244486608333	116.206519996667
1809	39.9248824147222	116.206612775278
1810	39.9517491797222	116.247616330833
1811	39.9545171675	116.247818514167
1812	39.9558326711111	116.247301095278
1813	39.9227611725	116.235172701111
1814	39.9239392175	116.238821953056
1815	39.9368276288889	116.152681936944
1816	40.0001381788889	116.241574359167
1817	39.9973092169444	116.228778793056
1818	39.997158615	116.221113698889
1819	39.9981807036111	116.224982197778
1820	39.9962964880556	116.225622904167
1821	39.9953175286111	116.224104106389
1822	39.9963884491667	116.223967254722
1823	39.9954176322222	116.195126001111
1824	39.9749383244444	116.200991391667
1825	39.9732054197222	116.200196650833
1826	39.9746148830556	116.201282175
1827	39.9653103016667	116.201609538333
1828	39.9656990852778	116.218005710833
1829	39.96599902	116.2162298275
1830	39.9832354466667	116.252244573611
1831	39.9819421797222	116.252919924722
1832	39.9731012361111	116.2276839425
1833	39.9731888641667	116.232418527222
1834	39.9731020872222	116.232350485833
1835	39.9426497811111	116.169979652778
1836	39.9363675091667	116.167749409722
1837	39.9351675202778	116.167873260556
1838	39.9373733291667	116.162304679722
1839	39.9353738716667	116.162699064444
1840	39.9401669502778	116.146717430556
1841	39.9407532658333	116.143847087778
1842	39.9401438708333	116.144764936111
1843	39.9400944458333	116.144735982778
1844	39.972054065	116.174078251944
1845	39.9397876311111	116.179583419167
1846	39.9789714297222	116.152904785556
1847	39.9855531894444	116.154897960278
1848	39.9785396391667	116.1506900475
1849	39.9343511658333	116.180757029167
1850	39.9392016163889	116.179842703611
1851	39.9274037380556	116.177465890556
1852	39.927604705	116.17807652
1853	39.9338162847222	116.17163995
1854	39.9524958308333	116.189461344722
1855	39.9544699830556	116.187136683333
1856	39.9549943891667	116.221696485833
1857	39.9513453366667	116.224511674167
1858	39.9516796919444	116.216156385556
1859	39.9548581916667	116.226968475556
1860	39.92706846	116.23163452
1861	39.9465708547222	116.235052651667
1862	39.9479231525	116.235253271389
1863	39.9505536980556	116.233978961667
1864	39.9450676102778	116.253009930556
1865	39.9470608261111	116.253259651111
1866	39.9414218416667	116.251621899444
1867	39.9472813227778	116.252214538333
1868	39.9471390105556	116.252193149444
1869	39.9504026622222	116.254215705556
1870	39.9720883419444	116.255065168611
1871	39.9731952108333	116.254979045556
1872	39.9690242002778	116.252841609444
1873	39.9931980269444	116.241952546944
1874	39.9943332802778	116.234451098333
1875	39.9929315044444	116.235073245278
1876	39.9937750477778	116.255084029444
1877	39.9942478688889	116.251482819444
1878	39.9996692875	116.238116205833
1879	39.9974405263889	116.236529404722
1880	39.998183735	116.238964160278
1881	39.9929242647222	116.2341461
1882	39.9910128805556	116.241209977222
1883	39.9911655580556	116.243584285
1884	39.957666205	116.2338750525
1885	39.9549322238889	116.223659488889
1886	39.9628884802778	116.218480141389
1887	39.9629038563889	116.219575395833
1888	39.9607218580556	116.217897084722
1889	39.9608045633333	116.216837118611
1890	39.9227163708333	116.195579863333
1891	39.9221152786111	116.198071423333
1892	39.9207813458333	116.169380555833
1893	39.9208674025	116.166975287778
1894	39.9203037102778	116.169352611389
1895	39.9566572672222	116.216015188889
1896	39.9408632611111	116.143935449167
1897	39.9932408172222	116.243244884722
1898	39.9838280094444	116.242932338333
1899	39.9558667463889	116.254739982778
1900	39.9560462705556	116.253047036389
1901	39.9588472158333	116.253074235556
1902	39.9552629611111	116.249433211667
1903	39.9592292888889	116.2451242425
1904	39.9593021908333	116.245077816111
1905	39.9592768205556	116.245243183889
1906	39.9592278194444	116.245274265
1907	39.9551110347222	116.220902403333
1908	39.9297028652778	116.143337328889
1909	39.9281960830556	116.142807325833
1910	39.9460425069445	116.1352927
1911	39.9442857747222	116.208820128889
1912	39.9442301594444	116.208821061389
1913	39.9731733783333	116.241118375278
1914	39.9577972475	116.232152162778
1915	39.91984894	116.255570908611
1916	39.9555033138889	116.216444129722
1917	39.9537848052778	116.219027523056
1918	39.9180370111111	116.141430370833
1919	39.9683628736111	116.254039171111
1920	39.9329550086111	116.132844883056
1921	39.9272817258333	116.185771184444
1922	39.9309346233333	116.206951991111
1923	39.9320305077778	116.230635585833
1924	39.9797563586111	116.209232175278
1925	39.9264039088889	116.252953614722
1926	39.9265907302778	116.253068743056
1927	39.9284342419444	116.253125856389
1928	39.9281882619444	116.2529737275
1929	39.9305774516667	116.253008845556
1930	39.9308991811111	116.2531465175
1931	39.9384109511111	116.247566615
1932	39.9386573127778	116.247441656111
1933	39.940298575	116.246517563611
1934	39.9458037530556	116.247282027222
1935	39.9462382186111	116.247532349167
1936	39.9460901725	116.247112597778
1937	39.9458383425	116.246907837778
1938	39.9418466888889	116.246236077778
1939	39.9416509175	116.2460948675
1940	39.9354138552778	116.251203819722
1941	39.9352002752778	116.251271060278
1942	39.9285989352778	116.252734069444
1943	39.9283848575	116.252598426389
1944	39.9442496716667	116.206725784722
1945	39.9442533069444	116.206842439722
1946	39.9442061586111	116.206844236389
1947	39.9442016077778	116.206727974722
1948	39.9797710725	116.206997159167
1949	39.9732430030556	116.239439088333
1950	39.9602496691667	116.224109440278
1951	39.9410331561111	116.206715380278
1952	39.9351241691667	116.251369194167
1953	39.9357542091667	116.251335866944
1954	39.9340993236111	116.248119836667
1955	39.9342605208333	116.251355139722
1956	39.9342925063889	116.252349165556
1957	39.9308884033333	116.252635311389
1958	39.930633405	116.252762913889
1959	39.9473691391667	116.247444635833
1960	39.9676439541667	116.247296055
1961	39.9635087269444	116.247873839722
1962	39.9272090530556	116.252971264722
1963	39.9270323938889	116.253068202778
1964	39.9337637313889	116.253116736667
1965	39.9352179411111	116.252033858333
1966	39.9360893408333	116.250867340278
1967	39.9361956702778	116.250526372222
1968	39.9430864219445	116.248631098333
1969	39.9431545105556	116.246854658611
1970	39.9429356197222	116.251777894167
1971	39.9441384497222	116.251854728056
1972	39.9441024802778	116.251910219167
1973	39.9444147816667	116.247085534167
1974	39.9443525058333	116.247074530278
1975	39.9444279041667	116.246955914167
1976	39.9443672536111	116.246940690278
1977	39.97267335	116.254987811667
1978	39.9296170133333	116.227358560833
1979	39.9419525825	116.211961063611
1980	39.9413225122222	116.210499211944
1981	39.9412486372222	116.210495217778
1982	39.9437389336111	116.212118560278
1983	39.9412472341667	116.2106039725
1984	39.9442165294444	116.212450418056
1985	39.9419280602778	116.211804165278
1986	39.9365366658333	116.171235130556
1987	39.9349511080556	116.170309636944
1988	39.93493663	116.1703705125
1989	39.9299153894444	116.169141231111
1990	39.9299174586111	116.16906991
1991	39.9268707855556	116.170091883889
1992	39.9262820175	116.169156328611
1993	39.9262820902778	116.169084965
1994	39.9262939591667	116.1680522775
1995	39.9262566116667	116.169085070833
1996	39.9202998308333	116.169665271111
1997	39.9222845833333	116.169247
1998	39.923063665	116.197965283056
1999	39.9410445463889	116.191305981111
