223754
21	2	261.699	45000	1	15	2	2	20	3	?谷車?????
39.9366749719444 116.127963783056,39.9363719025 116.128212995556,39.9359580083333 116.128680240278,39.9349206633333 116.129995530833
5	8	1034.400	45000	1	15	2	2	20	3	3?℅車∩車??
39.9860643941667 116.073188376944,39.9859053511111 116.073474646944,39.9857401069444 116.073812753056,39.9855480630556 116.074112335833,39.9850882358333 116.074608668056,39.9844043133333 116.075269555833,39.98362395 116.076056945278,39.9831464777778 116.076585015278,39.9828309780556 116.077080456944,39.9826696069444 116.077411001944,39.9825557272222 116.077672283333,39.9824094180556 116.078102306667,39.9822997658333 116.0785141425,39.9821360169444 116.079144673611,39.9820195827778 116.0795692225,39.9817992375 116.08029956,39.9817877186111 116.080383639722,39.9817864113889 116.080437643056,39.9817912391667 116.080480709722,39.9817994797222 116.080522409444,39.9818241330556 116.080583251944,39.9818535563889 116.080634524167,39.9818966397222 116.080686481944,39.9820039505556 116.080763740278,39.9820804836111 116.080800664167,39.9821262572222 116.080813658056,39.9822464886111 116.080838966389,39.9823359680556 116.080847865278,39.9823913102778 116.080867012778,39.9824200169444 116.080887523611,39.9824453119444 116.080910768611,39.9824658319444 116.080939481389,39.9824849902778 116.080972295,39.9825041627778 116.08101878,39.9825247238889 116.081086455556,39.9825432719444 116.081188308611,39.9825806452778 116.081659961944,39.9826256033333 116.0822129425,39.9826470813889 116.082517791667
10	9	194.699	49	1	15	1	1	20	9	???‾???﹞
39.9739158491667 116.126474958889,39.9734167625 116.126396889444,39.9729176380556 116.126362154167,39.9721973594445 116.126084714444
12	11	105.700	45000	1	15	1	1	20	3	NULL
39.9649787011111 116.125769286389,39.9650851475 116.125963078333,39.9651398541667 116.126038956667,39.9651885341667 116.126123286389,39.9652225552778 116.126197759722,39.9652399163889 116.126258346944,39.9652474269444 116.1263077075,39.9652508291667 116.126343356389,39.9652538797222 116.126412515278,39.9652547691667 116.126467004167,39.9652630580556 116.126492806111,39.9652747047222 116.126522971389,39.9652939038889 116.126553823333,39.9653096777778 116.126575762778,39.9653309438889 116.126599073889,39.9653535858333 116.1266189575,39.9653858475 116.126631987222,39.9654304672222 116.126647075278,39.9654613558333 116.126659418889,39.9655203897222 116.126680678611
17	16	274.800	45000	1	15	1	1	20	3	NULL
39.9552050425 116.126456045278,39.9550999541667 116.126370481944,39.9549974561111 116.126292048056,39.9549144 116.126251206389,39.9547534588889 116.126194799167,39.9546217125 116.126157839167,39.9545639480556 116.126146165278,39.9544205038889 116.126124110278,39.9539434208333 116.126071548333,39.9530619266667 116.126004672778,39.9529366558333 116.125985860556,39.9528574813889 116.125960573056,39.9527915252778 116.125931975556
118	15	209.300	45000	1	15	1	1	20	3	NULL
39.9536412533333 116.128389951389,39.9534754063889 116.128257504722,39.9533516813889 116.128189394167,39.9532102416667 116.128154066944,39.9529929986111 116.128133861389,39.9528111113889 116.128126270556,39.9525739358333 116.128091076389,39.952214495 116.128035449167,39.9521366897222 116.1280177325,39.9520584891667 116.1279791875,39.9519780372222 116.127926365278,39.9518516513889 116.127801208611
17	118	243.699	45000	1	15	1	1	20	3	NULL
39.9552050425 116.126456045278,39.9551140291667 116.1265250575,39.9550078508333 116.126608275,39.9548157088889 116.1267696675,39.9543781919445 116.127289165278,39.9539533391667 116.127763255556,39.9538041088889 116.127954909722,39.953718895 116.128127519444,39.9536412533333 116.128389951389
19	20	161.400	45000	1	15	1	1	20	3	?谷車?∩??﹞
39.9373663875 116.1257429825,39.9375877497222 116.126814088056,39.9376630719444 116.127245086944,39.9377127058333 116.127576369722
28	3	270.600	45000	1	15	1	1	20	3	NULL
40.0008865644444 116.096300570278,39.9989377858333 116.096709248056,39.9984829941667 116.096820494167
33	34	24.899	45000	1	15	1	1	20	3	豕y?辰米那D?o車?﹞
39.9589158602778 116.106621491667,39.9587779744444 116.106851108611
698	40	178.400	45000	1	15	1	1	20	3	NULL
39.9268333597222 116.107789968611,39.9272875169444 116.109075023611,39.9275238133333 116.109673715833
1053	41	7.799	51000	3	2	3	3	70	2	3?℅車∩車??
39.9585371941667 116.0990476075,39.9584759552778 116.099092984167
42	41	6.099	51000	2	2	3	3	70	2	???⊿?﹞
39.9584607747222 116.099024858056,39.9584759552778 116.099092984167
1053	42	8.699	51000	2	2	4	4	70	2	3?℅車∩車??
39.9585371941667 116.0990476075,39.9584607747222 116.099024858056
127	45	6.200	45000	1	2	3	3	20	3	?????∼?﹞
39.9306776208333 116.107398865278,39.9306906430555 116.107469304167
41	1597	442.500	51000	2	1	3	3	70	2	???⊿?﹞
39.9584759552778 116.099092984167,39.9592956152778 116.102611877778,39.9595276375 116.1035149375,39.9596631230556 116.104036655833
9	46	212.000	49	1	15	1	1	20	9	???‾???﹞
39.9721973594445 116.126084714444,39.9711385880556 116.125729221944,39.97053109 116.125529794444,39.9703449872222 116.125488148889
47	844	120.800	45000	1	15	1	1	20	3	NULL
39.94645871 116.093228569722,39.9454496097222 116.093757287778
875	20	167.300	45000	1	15	2	2	20	3	?谷車?????
39.9391454963889 116.127097895556,39.9391107136111 116.127082614167,39.9390707902778 116.127063721111,39.9390443680556 116.127058032222,39.9390192775 116.127057649167,39.9389934236111 116.127060681667,39.9389580586111 116.127071303889,39.9389219247222 116.127091794167,39.9387039261111 116.127245149167,39.9386303744444 116.127284396389,39.9385482747222 116.127323073611,39.9384183608333 116.1273779475,39.9380446108333 116.127496008611,39.9377127058333 116.127576369722
874	875	5.900	45000	1	2	2	2	20	3	?谷車?????
39.9391939183333 116.127125201944,39.9391454963889 116.127097895556
875	50	389.100	44000	2	7	2	2	40	2	??車??﹞
39.9391454963889 116.127097895556,39.9377923341667 116.131296920278
874	51	386.500	44000	3	7	2	2	40	2	??車??﹞
39.9391939183333 116.127125201944,39.9378503097222 116.131296928056
52	9	648.700	49	1	15	1	1	20	9	NULL
39.9753604313889 116.131302040833,39.9749965822222 116.131050706667,39.9750230275 116.130660780278,39.9751630036111 116.129586291944,39.9750246002778 116.129083663611,39.9744691036111 116.128996929722,39.9737749930556 116.128615535833,39.9732762319444 116.128199497778,39.9729987569444 116.127861478611,39.9727213491667 116.127445456389,39.9721973594445 116.126084714444
55	56	15.900	45000	1	2	1	1	20	3	3米???﹞
39.9567940519444 116.126336524167,39.9566521247222 116.126356730833
56	17	161.400	45000	1	15	1	1	20	3	3米???﹞
39.9566521247222 116.126356730833,39.9558904416667 116.126473943889,39.9556440469444 116.126489283889,39.9554419552778 116.126488482778,39.9552050425 116.126456045278
49	57	6.099	45000	1	2	1	1	20	3	???‾???﹞
39.9581175458333 116.123756808611,39.9580655436111 116.123735411389
55	58	189.199	42000	3	1	2	2	70	6	那‘???﹞
39.9567940519444 116.126336524167,39.9560793025 116.1268398175,39.9557750558333 116.127047769722,39.95528776 116.127372586389
56	59	177.400	42000	2	1	2	2	70	6	那‘???﹞
39.9566521247222 116.126356730833,39.9560538555556 116.126778005833,39.9557509969444 116.126985010556,39.9552379513889 116.127323441944
58	59	6.900	45000	1	2	1	1	20	3	足?車??﹞
39.95528776 116.127372586389,39.9552379513889 116.127323441944
30	61	17.899	45000	1	15	1	1	20	3	?“1迆o迆赤?
39.9385008236111 116.102022260833,39.9386268238889 116.1021532025
92	63	11.000	45000	1	2	1	1	20	3	NULL
39.9258879552778 116.115322508056,39.9258301913889 116.115427736389
48	67	8.300	45000	1	2	1	1	20	3	車赤?D?迄?﹞
39.9596328252778 116.117698699167,39.9595650108333 116.11774089
3	68	300.699	51000	1	15	2	2	70	2	?邦???﹞
39.9984829941667 116.096820494167,39.9989896169444 116.097207311389,39.9993560541667 116.097492965833,39.9996099697222 116.097709901667,39.9999384236111 116.098128234167,40.0005647863889 116.099021475278
70	14	1115.400	45000	1	15	1	1	20	3	豕y?辰米那?D??
39.9695252608333 116.099713645833,39.9692706369444 116.100015565833,39.9690121486111 116.100508819722,39.9685328297222 116.101173904167,39.9677949430556 116.102154713611,39.9676454022222 116.102334940278,39.9675713341667 116.102466271389,39.96750705 116.102597603056,39.9674162152778 116.102814160833,39.9673603236111 116.1030446925,39.9672876675 116.103462440278,39.9671339466667 116.104289521944,39.9670976075 116.104441800278,39.9670416988889 116.104615030833,39.9669941755555 116.1047184075,39.9669508447222 116.104796637222,39.9669061163889 116.104842733889,39.9668488075 116.104879049722,39.9667859075 116.104939114167,39.9667020402778 116.105077410278,39.9661359169444 116.105943476111,39.9657948297222 116.106463095,39.9655809441667 116.106799723611,39.9654984655556 116.106911464167,39.9654076022222 116.107000852778,39.9652891533333 116.107075729444,39.9651750125 116.107147421389,39.9650096402778 116.107262263611,39.9646928447222 116.107586493056,39.9643927172222 116.1079072725,39.9641159136111 116.108229896667,39.9637551997222 116.108785763056,39.9632504625 116.109541320833
69	70	145.900	45000	1	15	1	1	20	3	豕y?辰米那?‾??
39.9708346788889 116.099567660278,39.9695252608333 116.099713645833
73	74	262.899	44000	3	1	1	1	40	2	3?℅車∩車??
39.9560830994444 116.0991540925,39.9537262375 116.098861940556
74	75	115.599	44000	3	1	3	3	40	2	3?℅車∩車??
39.9537262375 116.098861940556,39.9526908638889 116.098724585
77	76	9.000	45000	1	2	1	1	20	3	????那‾??∩車??
39.9516349302778 116.0985817575,39.9516479405556 116.098477288056
271	272	44.200	52000	1	15	1	1	30	3	㏒∼㏒㊣㏒1??米角
39.9258658311111 116.125635089167,39.9257703091667 116.125688373611,39.9256758708333 116.125717818056,39.9256057180556 116.125734470833,39.9255844980556 116.125736129722,39.9255645175 116.125733881389,39.9255385475 116.125718191944,39.9255171316667 116.125697490278,39.9254944736111 116.125674748611
79	80	50.299	45000	2	4	1	1	20	3	NULL
39.9289617675 116.116574393333,39.9289483425 116.116617883056,39.9289430769444 116.116657371389,39.9289399930556 116.116695686389,39.9289423186111 116.116759854167,39.9289587819444 116.116836386389,39.9289793819444 116.116891726389,39.9290082319444 116.116949421389,39.9290412158333 116.116990634167,39.9290894963889 116.117032613333,39.9291273419444 116.117054640556
82	78	237.000	52000	1	15	2	2	30	3	㏒∼㏒㊣㏒1??米角
39.9271048736111 116.116193058056,39.9264246386111 116.118821298611
126	82	176.699	45000	1	15	1	1	20	3	NULL
39.9286307675 116.115606348611,39.9271048736111 116.116193058056
83	126	96.000	45000	1	15	2	2	20	3	米????﹞?﹞
39.9283299819445 116.114553718056,39.9286307675 116.115606348611
24	84	759.700	45000	1	15	1	1	20	3	NULL
39.9543149763889 116.105921513889,39.9535954341667 116.106490761111,39.9524806925 116.107365983056,39.9522583986111 116.107542009722,39.9520575038889 116.107747654167,39.9503498930556 116.109145928056,39.9502329713889 116.109261078333,39.9500880541667 116.109405838056,39.9499562958333 116.109538754167,39.9498524097222 116.109671023611,39.9497899608333 116.109798999722,39.9497026558333 116.109991473056,39.9496153647222 116.110116493056,39.9494836069444 116.11028757,39.9492678575 116.110542535,39.9491617002778 116.110638776944,39.9490799925 116.110702898611,39.9489911930556 116.110769521944,39.9489335519444 116.110827091944,39.9488792011111 116.110892888056,39.9487739161111 116.111032302222
35	85	349.100	45000	1	15	1	1	20	3	NULL
39.9537763283333 116.112140510833,39.9518521519444 116.114778976389,39.9516019036111 116.115091253611
36	85	237.300	45000	1	15	1	1	20	3	NULL
39.9503467205556 116.112843331944,39.9516019036111 116.115091253611
277	86	27.500	51000	3	4	4	4	70	2	??足?℅足?﹞米o
39.9217788397222 116.113924294167,39.9218176225 116.113993916389,39.9218432747222 116.114061258611,39.9218618458333 116.114132016389,39.9218680652778 116.114209618889,39.9218680619444 116.114217805833
87	38	47.000	51000	3	4	4	4	70	2	??足?℅足?﹞米o
39.9210918733333 116.114486090278,39.9210857013889 116.114473623611,39.9210596547222 116.114402916944,39.9210501 116.114343907222,39.9210437366667 116.114288619167,39.9210416447222 116.114197181944,39.9210459111111 116.1141365025,39.9210605947222 116.114058159167,39.9210776041667 116.114007180278,39.9210987588889 116.1139638575
75	1591	428.600	45000	1	15	1	1	20	3	3?℅車????
39.9526908638889 116.098724585,39.9525275861111 116.099474449722,39.9524556647222 116.100385317778,39.9523886163889 116.10204111,39.9523310386111 116.103283451667,39.9523228741667 116.1035075625,39.9523306486111 116.103590771389,39.9523384213889 116.103654010278,39.9523539997222 116.103695183333
39	89	9.000	45000	1	2	1	1	20	3	3D?車?﹞?﹞
